%YAML:1.0
---
cameraMatrix: !!opencv-matrix
   rows: 3
   cols: 3
   dt: d
   data: [ 1.0264598052776691e+03, 0., 9.1772347666319945e+02, 0.,
       1.0254214510585814e+03, 5.8634673850059335e+02, 0., 0., 1. ]
distortionCoefficients: !!opencv-matrix
   rows: 1
   cols: 5
   dt: d
   data: [ 5.5008336565507458e-02, -1.0233881019355782e-01,
       7.7251010585815041e-03, -3.2070707781992960e-03,
       4.3583619594476944e-02 ]
rotation: !!opencv-matrix
   rows: 3
   cols: 3
   dt: d
   data: [ 1., 0., 0., 0., 1., 0., 0., 0., 1. ]
projection: !!opencv-matrix
   rows: 4
   cols: 4
   dt: d
   data: [ 1.0264598052776691e+03, 0., 9.1772347666319945e+02, 0., 0.,
       1.0254214510585814e+03, 5.8634673850059335e+02, 0., 0., 0., 1.,
       0., 0., 0., 0., 1. ]
