%YAML:1.0
---
cameraMatrix: !!opencv-matrix
   rows: 3
   cols: 3
   dt: d
   data: [ 1.0530049852947350e+03, 0., 9.6457685251628504e+02, 0.,
       1.0502434494898575e+03, 4.7815744522591950e+02, 0., 0., 1. ]
distortionCoefficients: !!opencv-matrix
   rows: 1
   cols: 5
   dt: d
   data: [ 7.2241836443579940e-02, -1.5890054983889132e-01,
       -1.0606549896679238e-02, 1.7569701096418831e-03,
       8.5291449236173628e-02 ]
rotation: !!opencv-matrix
   rows: 3
   cols: 3
   dt: d
   data: [ 1., 0., 0., 0., 1., 0., 0., 0., 1. ]
projection: !!opencv-matrix
   rows: 4
   cols: 4
   dt: d
   data: [ 1.0530049852947350e+03, 0., 9.6457685251628504e+02, 0., 0.,
       1.0502434494898575e+03, 4.7815744522591950e+02, 0., 0., 0., 1.,
       0., 0., 0., 0., 1. ]
