%YAML:1.0
---
cameraMatrix: !!opencv-matrix
   rows: 3
   cols: 3
   dt: d
   data: [ 3.5002392528267427e+02, 0., 2.5098792650438548e+02, 0.,
       3.5056476479313227e+02, 1.8303580307019357e+02, 0., 0., 1. ]
distortionCoefficients: !!opencv-matrix
   rows: 1
   cols: 5
   dt: d
   data: [ 1.4696017264088765e-01, -4.4966826515557901e-01,
       -4.7576886187111677e-03, -1.1559560677660397e-02,
       4.8745194129575842e-01 ]
rotation: !!opencv-matrix
   rows: 3
   cols: 3
   dt: d
   data: [ 1., 0., 0., 0., 1., 0., 0., 0., 1. ]
projection: !!opencv-matrix
   rows: 4
   cols: 4
   dt: d
   data: [ 3.5002392528267427e+02, 0., 2.5098792650438548e+02, 0., 0.,
       3.5056476479313227e+02, 1.8303580307019357e+02, 0., 0., 0., 1.,
       0., 0., 0., 0., 1. ]
