detection:
    camera:
        rgb:
            fx: 1059.9465578241038
            fy: 1053.9326808799726
            cx: 954.88326677588441
            cy: 523.73858291060583
        depth:
            fx: 366.94757270064110
            fy: 364.79117165721783
            cx: 242.98551682775121
            cy: 207.69853575457685
